18856
7786
19124
18787
14696
23282
19363
14088
8592
10194
13746
11810
6908
9408
17997
17097
22235
9377
20332
18309
5884
10828
13610
22731
8961
10714
6438
20976
7566
18779
19962
5450
21357
12536
7197
10922
6556
20162
16269
11186
6876
6919
10388
17635
5601
13695
19090
22789
13508
10059
19985
7217
13049
10965
6800
7895
20896
18791
15012
12440
16264
15964
8067
8843
13986
16262
5938
7202
6175
24592
16018
20938
7092
5360
19624
16725
20233
10610
22781
23057
16914
16401
15594
16885
24258
14994
6464
11419
6160
7821
16475
14220
20641
16497
5706
23857
14161
10898
12656
10631
