9752
9411
10325
22752
24017
19223
15826
13060
6442
17538
18896
23061
18745
14450
21790
18083
23461
12906
24101
24875
16335
12062
19174
12543
14738
8903
7936
13592
5024
6992
15331
15433
24961
21265
9591
20424
18632
8717
19271
6480
6419
17816
7622
18961
13364
21143
8054
22430
16699
13246
14456
6892
17269
19357
7294
17999
5535
12400
16998
8748
8470
18202
24099
13431
18133
24251
11670
23698
18927
15441
5706
15716
17479
14907
23488
23093
21986
19767
23126
19912
16571
5802
16457
17109
8506
17095
7401
13738
17989
12933
21663
19917
21904
9041
8539
6776
14089
10230
20918
9909
